zone,time_elapsed,power_j,watts,watts_since_last,start_power,prev_power,prev_power_reading,temp
package-0,0.000619369,0.0,0.0,0.0,59598.971693,0.0,59598.971693,27.799999237060547
dram,0.000809532,0.0,0.0,0.0,74870.780193,0.0,74870.780193,27.799999237060547
core,0.000926436,0.01135200000135228,24.53605841222887,0.0,78832.437043,0.0,78832.448395,27.799999237060547
uncore,0.001040901,0.0,0.0,0.0,51.442006,0.0,51.442006,27.799999237060547
package-0,1.00129543,19.56098500000371,19.538642249972593,19.547675964823064,59598.971693,0.0,59618.532678,27.799999237060547
dram,1.001397516,0.5624370000005001,0.5617945789108024,0.5620543253131107,74870.780193,0.0,74871.34263,27.799999237060547
core,1.0014819,17.957168000008096,17.936657145575616,17.933605904426717,78832.437043,0.01135200000135228,78850.394211,27.799999237060547
uncore,1.001565009,0.006287000000000376,0.006279818926580728,0.006282722408448584,51.442006,0.0,51.448293,27.799999237060547
package-0,2.001858613,39.93916799999715,19.952966192058486,20.367547433339602,59598.971693,19.56098500000371,59638.910861,27.799999237060547
dram,2.001961692,1.11889300000621,0.5589809532751507,0.5561655803506312,74870.780193,0.5624370000005001,74871.899086,27.799999237060547
core,2.002046537,36.74868499999866,18.35905218174881,18.781709529345108,78832.437043,17.957168000008096,78869.185728,27.799999237060547
uncore,2.002130416,0.006287000000000376,0.003140884117803559,0.0,51.442006,0.006287000000000376,51.448293,27.799999237060547
package-0,3.002380781,59.220430000001215,19.72547479960661,19.270370309623583,59598.971693,39.93916799999715,59658.192123,27.799999237060547
dram,3.002483431,1.6555740000039805,0.5514479245753832,0.5363778370987309,74870.780193,1.11889300000621,74872.435767,27.799999237060547
core,3.002567728,54.426130000007106,18.1285623180249,17.66745928135279,78832.437043,36.74868499999866,78886.863173,27.799999237060547
uncore,3.002650902,0.006287000000000376,0.002094109415705553,0.0,51.442006,0.006287000000000376,51.448293,27.799999237060547
package-0,4.002901679,78.47288300000218,19.604674875389552,19.242198774547415,59598.971693,59.220430000001215,59677.444576,27.799999237060547
dram,4.003003064,2.1885929999989457,0.546770458268133,0.532735103859913,74870.780193,1.6555740000039805,74872.968786,27.799999237060547
core,4.003088065,72.09545700000308,18.01141923736444,17.65991597779166,78832.437043,54.426130000007106,78904.5325,27.799999237060547
uncore,4.003171026,0.006287000000000376,0.0015706647472296647,0.0,51.442006,0.006287000000000376,51.448293,27.799999237060547
package-0,4.373422419,85.60079399999813,19.574046444634302,19.243070213375667,59598.971693,78.47288300000218,59684.572487,27.799999237060547
dram,4.373586579,2.389215000002878,0.5463337802249159,0.5416149601791763,74870.780193,2.1885929999989457,74873.169408,27.799999237060547
core,4.373673026,78.62009900000703,17.97779433340207,17.614437683535506,78832.437043,72.09545700000308,78911.057142,27.799999237060547
uncore,4.373813624,0.006287000000000376,0.0014376272023531218,0.0,51.442006,0.006287000000000376,51.448293,27.799999237060547
