zone,time_elapsed,power_j,watts,watts_since_last,start_power,prev_power,prev_power_reading,temp
package-0,0.000738107,0.018309999984921888,32.33291420903889,0.0,212024.26404,0.0,212024.28235,27.799999237060547
dram,0.000955668,0.0007929999992484227,1.4003277424675835,0.0,23037.167709,0.0,23037.168502,27.799999237060547
core,0.001092628,0.010802999982843176,19.07659595484195,0.0,137804.293826,0.0,137804.304629,27.799999237060547
uncore,0.00123158,0.0,0.0,0.0,28.186329,0.0,28.186329,27.799999237060547
package-0,1.001588626,18.397901999996975,18.37342163884723,18.36552248544983,212024.26404,0.018309999984921888,212042.661942,27.799999237060547
dram,1.001844968,0.4615459999986342,0.46093186406252645,0.4604002951600687,23037.167709,0.0007929999992484227,23037.629255,27.799999237060547
core,1.002059314,16.941423999989638,16.91888163739249,16.917660667769447,137804.293826,0.010802999982843176,137821.23525,27.799999237060547
uncore,1.002224044,0.00829999999999842,0.008288955969133222,0.008293646378499839,28.186329,0.0,28.194629,27.799999237060547
package-0,2.002547959,38.00032999998075,18.978048551549854,19.582877219100435,212024.26404,18.397901999996975,212062.26437,27.799999237060547
dram,2.002764217,0.9083839999984775,0.45366331438255675,0.44639233929758987,23037.167709,0.4615459999986342,23038.076093,27.799999237060547
core,2.002976226,35.132050999993226,17.54557840928578,18.172484300404953,137804.293826,16.941423999989638,137839.425877,27.799999237060547
uncore,2.003177587,0.00829999999999842,0.004145169344000791,0.0,28.186329,0.00829999999999842,28.194629,27.799999237060547
package-0,3.003522645,57.67148299998371,19.20281244796787,19.652435882501415,212024.26404,38.00032999998075,212081.935523,27.799999237060547
dram,3.003742755,1.3572349999994913,0.4519170965798688,0.4484239179226168,23037.167709,0.9083839999984775,23038.524944,27.799999237060547
core,3.00395404,53.37004199999501,17.770566206288844,18.22063753726683,137804.293826,35.132050999993226,137857.663868,27.799999237060547
uncore,3.004165819,0.00829999999999842,0.002763642185482693,0.0,28.186329,0.00829999999999842,28.194629,27.799999237060547
package-0,4.004469912,77.29118400000152,19.302189127654113,19.60035108262097,212024.26404,57.67148299998371,212101.555224,27.799999237060547
dram,4.004686416,1.8039499999977124,0.4505065425933545,0.44627442761896385,23037.167709,1.3572349999994913,23038.971659,27.799999237060547
core,4.004902222,71.55529799999204,17.869746892238954,18.167320803051872,137804.293826,53.37004199999501,137875.849124,27.799999237060547
uncore,4.005115354,0.00829999999999842,0.0020727871080289764,0.0,28.186329,0.00829999999999842,28.194629,27.799999237060547
package-0,5.005413484,96.95464699997683,19.370717714194043,19.644865166832137,212024.26404,77.29118400000152,212121.218687,27.799999237060547
dram,5.005546033,2.2504209999970044,0.4496150651659498,0.4460487247794458,23037.167709,1.8039499999977124,23039.41813,27.799999237060547
core,5.006379373,89.79505799998879,17.940292440525102,18.222508714551665,137804.293826,71.55529799999204,137894.088884,27.799999237060547
uncore,5.006576969,0.00829999999999842,0.001658269737476517,0.0,28.186329,0.00829999999999842,28.194629,27.799999237060547
package-0,6.006895238,116.60858800000278,19.413155743881,19.62525729309882,212024.26404,96.95464699997683,212140.872628,27.799999237060547
dram,6.007112161,2.6973199999993085,0.4490534886767553,0.4462467786517832,23037.167709,2.2504209999970044,23039.865029,27.799999237060547
core,6.007308158,107.99508500000229,17.979168092479274,18.17346519032182,137804.293826,89.79505799998879,137912.288911,27.799999237060547
uncore,6.007508878,0.00829999999999842,0.001381795247140612,0.0,28.186329,0.00829999999999842,28.194629,27.799999237060547
package-0,7.007812919,136.2684500000032,19.44579976755659,19.641700792405256,212024.26404,116.60858800000278,212160.53249,27.799999237060547
dram,7.008028883,3.1440349999975297,0.4486605305346931,0.44630233769922606,23037.167709,2.6973199999993085,23040.311744,27.799999237060547
core,7.008246681,126.2180609999923,18.011587724488216,18.206142145808446,137804.293826,107.99508500000229,137930.511887,27.799999237060547
uncore,7.008462811,0.00829999999999842,0.0011844277825915329,0.0,28.186329,0.00829999999999842,28.194629,27.799999237060547
package-0,8.008802428,156.06118499999866,19.48678688388421,19.773732581400846,212024.26404,136.2684500000032,212180.325225,27.799999237060547
dram,8.009006209,3.5906279999981052,0.4483485282728763,0.44616423928976773,23037.167709,3.1440349999975297,23040.758337,27.799999237060547
core,8.009218824,144.5785479999904,18.05299218288815,18.342859640283805,137804.293826,126.2180609999923,137948.872374,27.799999237060547
uncore,8.009412399,0.00829999999999842,0.0010363905101464504,0.0,28.186329,0.00829999999999842,28.194629,27.799999237060547
package-0,9.009733211,175.82858999999007,19.515867366682365,19.7485379972333,212024.26404,156.06118499999866,212200.09263,27.799999237060547
dram,9.009937359,4.037220999998681,0.4481061331718775,0.44616674924268557,23037.167709,3.5906279999981052,23041.20493,27.799999237060547
core,9.010154736,162.91456099998322,18.082491388784586,18.318512189550383,137804.293826,144.5785479999904,137967.208387,27.799999237060547
uncore,9.010365331,0.00829999999999842,0.0009212477853768942,0.0,28.186329,0.00829999999999842,28.194629,27.799999237060547
package-0,10.010668314,195.61247500000172,19.54079220263062,19.76514023514115,212024.26404,175.82858999999007,212219.876515,27.799999237060547
dram,10.010865658,4.483813999999256,0.447912525258068,0.4461698636561307,23037.167709,4.037220999998681,23041.651523,27.799999237060547
core,10.011470723,181.27407200000016,18.10845127682513,18.342115795948956,137804.293826,162.91456099998322,137985.567898,27.799999237060547
uncore,10.011675431,0.00829999999999842,0.0008291320647203192,0.0,28.186329,0.00829999999999842,28.194629,27.799999237060547
package-0,11.011987686,215.14092799997889,19.537359120612027,19.50303709061053,212024.26404,195.61247500000172,212239.404968,27.799999237060547
dram,11.012204395,4.931749999999738,0.4478616492863818,0.4473530198341533,23037.167709,4.483813999999256,23042.099459,27.799999237060547
core,11.012415761,199.36679899998126,18.104880298693754,18.069179660638483,137804.293826,181.27407200000016,138003.660625,27.799999237060547
uncore,11.012626905,0.00829999999999842,0.0007537388734377165,0.0,28.186329,0.00829999999999842,28.194629,27.799999237060547
package-0,12.012945158,234.70844399998896,19.538312306715365,19.548798533682834,212024.26404,215.14092799997889,212258.972484,27.799999237060547
dram,12.013162222,5.379990999997972,0.4478575315563987,0.4478122314297578,23037.167709,4.931749999999738,23042.5477,27.799999237060547
core,12.013343547,217.50127399998019,18.10590086192333,18.117128320677217,137804.293826,199.36679899998126,138021.7951,27.799999237060547
uncore,12.013476791,0.00829999999999842,0.0006909337788704112,0.0,28.186329,0.00829999999999842,28.194629,27.799999237060547
package-0,13.013739126,254.33931399998255,19.54412739004222,19.613922100254815,212024.26404,234.70844399998896,212278.603354,27.799999237060547
dram,13.013940462,5.828048999999737,0.44784319930740574,0.4476711785281786,23037.167709,5.379990999997972,23042.995758,27.799999237060547
core,13.014152161,235.6948310000007,18.11143440545256,18.177849974303975,137804.293826,217.50127399998019,138039.988657,27.799999237060547
uncore,13.014350375,0.00829999999999842,0.0006377946640892908,0.0,28.186329,0.00829999999999842,28.194629,27.799999237060547
package-0,14.014663692,274.0726009999926,19.556426783003978,19.716348684854864,212024.26404,254.33931399998255,212298.336641,27.799999237060547
dram,14.0148783,6.276168000000325,0.4478354258032608,0.4477343514192838,23037.167709,5.828048999999737,23043.443877,27.799999237060547
core,14.015097084,253.99525999999605,18.123809849274632,18.284720596530867,137804.293826,235.6948310000007,138058.289086,27.799999237060547
uncore,14.01530947,0.00829999999999842,0.0005922457834408137,0.0,28.186329,0.00829999999999842,28.194629,27.799999237060547
package-0,15.01563937,293.61045399997965,19.553939494619403,19.519114942429074,212024.26404,274.0726009999926,212317.874494,27.799999237060547
dram,15.015794631,6.724286999997275,0.447825679743718,0.44768922505623454,23037.167709,6.276168000000325,23043.891996,27.799999237060547
core,15.016469271,272.10495499998797,18.12171110997386,18.092326637804526,137804.293826,253.99525999999605,138076.398781,27.799999237060547
uncore,15.016680817,0.00829999999999842,0.0005527653923566407,0.0,28.186329,0.00829999999999842,28.194629,27.799999237060547
package-0,16.016997067,313.1585609999893,19.551901964992787,19.521349496203513,212024.26404,293.61045399997965,212337.422601,27.799999237060547
dram,16.017213892,7.172527999999147,0.4478132861810983,0.4476274464611837,23037.167709,6.724286999997275,23044.340237,27.799999237060547
core,16.017395648,290.2183119999827,18.119638711296627,18.08856338602133,137804.293826,272.10495499998797,138094.512138,27.799999237060547
uncore,16.017530868,0.00829999999999842,0.000518206450403937,0.0,28.186329,0.00829999999999842,28.194629,27.799999237060547
package-0,17.017857479,332.861940999981,19.559831248175087,19.686725502697872,212024.26404,313.1585609999893,212357.125981,27.799999237060547
dram,17.018076575,7.620707999998558,0.4478125736567707,0.4478011709560103,23037.167709,7.172527999999147,23044.788417,27.799999237060547
core,17.018288753,308.4848059999931,18.127367550218782,18.251054046312543,137804.293826,290.2183119999827,138112.778632,27.799999237060547
uncore,17.018499786,0.00829999999999842,0.00048772953396865386,0.0,28.186329,0.00829999999999842,28.194629,27.799999237060547
package-0,18.01882816,352.5495729999966,19.56585220844206,19.668213612052828,212024.26404,332.861940999981,212376.813613,27.799999237060547
dram,18.019043071,8.068826999999146,0.4478050426612536,0.4476770093845767,23037.167709,7.620707999998558,23045.236536,27.799999237060547
core,18.019254923,326.73958100000164,18.133445172246393,18.236769873585867,137804.293826,308.4848059999931,138131.033407,27.799999237060547
uncore,18.019470073,0.00829999999999842,0.00046063471853939744,0.0,28.186329,0.00829999999999842,28.194629,27.799999237060547
package-0,19.019798439,372.23940299998503,19.571386949971412,19.671020059161343,212024.26404,352.5495729999966,212396.503443,27.799999237060547
dram,19.020018256,8.516884999997274,0.44779582870586276,0.44762996458760956,23037.167709,8.068826999999146,23045.684594,27.799999237060547
core,19.020231058,344.99594299998716,18.138996146582855,18.238921469064852,137804.293826,326.73958100000164,138149.289769,27.799999237060547
uncore,19.020442114,0.00829999999999842,0.00043639257525012295,0.0,28.186329,0.00829999999999842,28.194629,27.799999237060547
package-0,20.020751157,391.8928559999913,19.574542315179283,19.634498130394157,212024.26404,372.23940299998503,212416.156896,27.799999237060547
dram,20.020903657,8.965125999999145,0.44779647181907584,0.44780869176016813,23037.167709,8.516884999997274,23046.132835,27.799999237060547
core,20.021541048,363.2234959999914,18.14254478861779,18.20997334667501,137804.293826,344.99594299998716,138167.517322,27.799999237060547
uncore,20.021714183,0.00829999999999842,0.0004145742866411444,0.0,28.186329,0.00829999999999842,28.194629,27.799999237060547
package-0,21.022044937,411.52073599997675,19.575878042025302,19.60258554888883,212024.26404,391.8928559999913,212435.784776,27.799999237060547
dram,21.022261092,9.412328999998863,0.44774075393227847,0.4466266894448454,23037.167709,8.965125999999145,23046.580038,27.799999237060547
core,21.022460188,381.41595500000403,18.143805561144582,18.169014376115197,137804.293826,363.2234959999914,138185.709781,27.799999237060547
uncore,21.022678014,0.00829999999999842,0.00039482770498541357,0.0,28.186329,0.00829999999999842,28.194629,27.799999237060547
package-0,22.023007125,431.1832829999912,19.57895437550511,19.643562086564653,212024.26404,411.52073599997675,212455.447323,27.799999237060547
dram,22.023222617,9.86038699999699,0.44773551018620705,0.44762538349374215,23037.167709,9.412328999998863,23047.028096,27.799999237060547
core,22.023422903,399.6439959999989,18.146834241086946,18.21044115493184,137804.293826,381.41595500000403,138203.937822,27.799999237060547
uncore,22.023627963,0.00829999999999842,0.0003768822394644293,0.0,28.186329,0.00829999999999842,28.194629,27.799999237060547
package-0,23.023943798,450.7737479999778,19.578658936828777,19.572158631570186,212024.26404,431.1832829999912,212475.037788,27.799999237060547
dram,23.02414911,10.308444999998756,0.4477313280099078,0.447639310868049,23037.167709,9.86038699999699,23047.476154,27.799999237060547
core,23.024365866,417.79934599998523,18.146466904200093,18.138384679059644,137804.293826,399.6439959999989,138222.093172,27.799999237060547
uncore,23.024578394,0.00829999999999842,0.00036049763300691575,0.0,28.186329,0.00829999999999842,28.194629,27.799999237060547
package-0,24.024901889,470.27430900000036,19.574633805188878,19.482048242126634,212024.26404,450.7737479999778,212494.538349,27.799999237060547
dram,24.025120819,10.75650300000052,0.44772721626480694,0.4476326384299951,23037.167709,10.308444999998756,23047.924212,27.799999237060547
core,24.025330187,435.8630199999898,18.1423029972992,18.046525343436514,137804.293826,417.79934599998523,138240.156846,27.799999237060547
uncore,24.025524737,0.00829999999999842,0.0003454780698705713,0.0,28.186329,0.00829999999999842,28.194629,27.799999237060547
package-0,25.025819765,489.8172269999923,19.57262867714585,19.524501513938894,212024.26404,470.27430900000036,212514.081267,27.799999237060547
dram,25.025971874,11.204499999999825,0.4477211211133673,0.4475748250455803,23037.167709,10.75650300000052,23048.372209,27.799999237060547
core,25.026603087,453.9779029999918,18.140523512147354,18.097812238607943,137804.293826,435.8630199999898,138258.271729,27.799999237060547
uncore,25.026813909,0.00829999999999842,0.0003316600745450756,0.0,28.186329,0.00829999999999842,28.194629,27.799999237060547
package-0,26.027142796,509.36386899999343,19.570657947633624,19.521402895326204,212024.26404,489.8172269999923,212533.627909,27.799999237060547
dram,26.02734786,11.652557999997953,0.4477118239278268,0.44747945649370335,23037.167709,11.204499999999825,23048.820267,27.799999237060547
core,26.027550246,472.0884519999963,18.13847070318979,18.08716421391535,137804.293826,453.9779029999918,138276.382278,27.799999237060547
uncore,26.027763507,0.00829999999999842,0.0003189006344015544,0.0,28.186329,0.00829999999999842,28.194629,27.799999237060547
package-0,27.028089012,528.8397100000002,19.56646181187674,19.45735301232152,212024.26404,509.36386899999343,212553.10375,27.799999237060547
dram,27.028305335,12.100432999999612,0.44770212169140133,0.44744984211068217,23037.167709,11.652557999997953,23049.268142,27.799999237060547
core,27.028517045,490.1280179999885,18.134173674529105,18.022441436587975,137804.293826,472.0884519999963,138294.421844,27.799999237060547
uncore,27.028729511,0.00829999999999842,0.00030709046610464624,0.0,28.186329,0.00829999999999842,28.194629,27.799999237060547
package-0,28.029054863,548.3541869999899,19.563933158707147,19.4956549783778,212024.26404,528.8397100000002,212572.618227,27.799999237060547
dram,28.029271284,12.548306999997294,0.4476928328859256,0.4474420184433024,23037.167709,12.100432999999612,23049.716016,27.799999237060547
core,28.029482739,508.20652399997925,18.131562960701306,18.061068995112613,137804.293826,490.1280179999885,138312.50035,27.799999237060547
uncore,28.029700394,0.00829999999999842,0.000296123653410239,0.0,28.186329,0.00829999999999842,28.194629,27.799999237060547
package-0,29.03002693,567.8420519999927,19.56065987228853,19.469002281920922,212024.26404,548.3541869999899,212592.106092,27.799999237060547
dram,29.030246445,12.997158999998646,0.4477178215484303,0.44841754662554617,23037.167709,12.548306999997294,23050.164868,27.799999237060547
core,29.030445098,526.257746999996,18.128190326812785,18.0337508382134,137804.293826,508.20652399997925,138330.551573,27.799999237060547
uncore,29.030656838,0.00829999999999842,0.0002859130921497268,0.0,28.186329,0.00829999999999842,28.194629,27.799999237060547
package-0,30.030970427,587.3181979999936,19.55722112072943,19.457490469458612,212024.26404,567.8420519999927,212611.582238,27.799999237060547
dram,30.03112409,13.44515599999795,0.44771282379822464,0.44756787907793066,23037.167709,12.997158999998646,23050.612865,27.799999237060547
core,30.031829032,544.3011579999875,18.1247884699036,18.026127837039358,137804.293826,526.257746999996,138348.594984,27.799999237060547
uncore,30.03203969,0.00829999999999842,0.00027638328908382497,0.0,28.186329,0.00829999999999842,28.194629,27.799999237060547
package-0,31.032356651,606.8771689999849,19.556405979864465,19.531960486218424,212024.26404,587.3181979999936,212631.141209,27.799999237060547
dram,31.032577689,13.893213999999716,0.4477039955166577,0.4474392416437671,23037.167709,13.44515599999795,23051.060923,27.799999237060547
core,31.032789411,562.4262949999829,18.12399200466702,18.100106579807512,137804.293826,544.3011579999875,138366.720121,27.799999237060547
uncore,31.032999918,0.00829999999999842,0.00026746461709922754,0.0,28.186329,0.00829999999999842,28.194629,27.799999237060547
package-0,32.033313897,626.4276559999853,19.55563486912007,19.53172861065239,212024.26404,606.8771689999849,212650.691696,27.799999237060547
dram,32.033509213,14.340721999997186,0.4476844540712756,0.44707862300546347,23037.167709,13.893213999999716,23051.508431,27.799999237060547
core,32.033706249,580.5403839999926,18.123139467972145,18.096708812286128,137804.293826,562.4262949999829,138384.83421,27.799999237060547
uncore,32.033925662,0.00829999999999842,0.00025910696607824973,0.0,28.186329,0.00829999999999842,28.194629,27.799999237060547
package-0,33.034243837,646.0375300000014,19.556720546852517,19.591465525953033,212024.26404,626.4276559999853,212670.30157,27.799999237060547
dram,33.034461437,14.788779999998951,0.4476830280879509,0.4476373922981263,23037.167709,14.340721999997186,23051.956489,27.799999237060547
core,33.034674427,598.7164849999826,18.12422721623998,18.159038458750516,137804.293826,580.5403839999926,138403.010311,27.799999237060547
uncore,33.034882956,0.00829999999999842,0.0002512559611495707,0.0,28.186329,0.00829999999999842,28.194629,27.799999237060547
package-0,34.035187991,665.6170089999796,19.55684718907422,19.56102675090658,212024.26404,646.0375300000014,212689.881049,27.799999237060547
dram,34.035402392,15.236959999998362,0.4476852218570836,0.44775762262211194,23037.167709,14.788779999998951,23052.404669,27.799999237060547
core,34.035604424,616.8617629999935,18.124343387646455,18.12817738210732,137804.293826,598.7164849999826,138421.155589,27.799999237060547
uncore,34.035818086,0.00829999999999842,0.00024386671235033012,0.0,28.186329,0.00829999999999842,28.194629,27.799999237060547
package-0,35.036130791,685.1869049999805,19.55669788980576,19.55162123649248,212024.26404,665.6170089999796,212709.450945,27.799999237060547
dram,35.036282782,15.685139999997773,0.4476874004754559,0.44776148047793857,23037.167709,15.236959999998362,23052.852849,27.799999237060547
core,35.036987678,635.003561999998,18.124358084433705,18.124857822272066,137804.293826,616.8617629999935,138439.297388,27.799999237060547
uncore,35.037197959,0.00829999999999842,0.0002368997295495038,0.0,28.186329,0.00829999999999842,28.194629,27.799999237060547
package-0,36.037555924,704.7756609999924,19.55683731628638,19.561715508115896,212024.26404,685.1869049999805,212729.039701,27.799999237060547
dram,36.03774238,16.136188999997103,0.44776350921374475,0.45042636797363145,23037.167709,15.685139999997773,23053.303898,27.799999237060547
core,36.037951393,653.153296000004,18.124367028146366,18.124679946795975,137804.293826,635.003561999998,138457.447122,27.799999237060547
uncore,36.038149872,0.00829999999999842,0.0002303169060844566,0.0,28.186329,0.00829999999999842,28.194629,27.799999237060547
package-0,37.038469358,724.2883679999795,19.55514764168561,19.49431372510122,212024.26404,704.7756609999924,212748.552408,27.799999237060547
dram,37.038671467,16.58430799999769,0.447761700730712,0.44769658931463796,23037.167709,16.136188999997103,23053.752017,27.799999237060547
core,37.038883629,671.2286889999814,18.12258306864053,18.058354581262826,137804.293826,653.153296000004,138475.522515,27.799999237060547
uncore,37.039105878,0.00829999999999842,0.00022409268545089245,0.0,28.186329,0.00829999999999842,28.194629,27.799999237060547
package-0,38.039422834,743.8137690000003,19.553871071717133,19.50663460318753,212024.26404,724.2883679999795,212768.077809,27.799999237060547
dram,38.039628132,17.03242699999828,0.447759769282249,0.44768830057564274,23037.167709,16.58430799999769,23054.200136,27.799999237060547
core,38.039843848,689.3204399999813,18.12131419532643,18.074362523385584,137804.293826,671.2286889999814,138493.614266,27.799999237060547
uncore,38.04005553,0.00829999999999842,0.00021819592034901043,0.0,28.186329,0.00829999999999842,28.194629,27.799999237060547
package-0,39.040369248,763.3141469999973,19.55202542471474,19.48188505439174,212024.26404,743.8137690000003,212787.578187,27.799999237060547
dram,39.040589166,17.480545999998867,0.44775808384155963,0.4476940318132178,23037.167709,17.03242699999828,23054.648255,27.799999237060547
core,39.040800933,707.3850910000037,18.119422178475975,18.04751960860419,137804.293826,689.3204399999813,138511.678917,27.799999237060547
uncore,39.041011614,0.00829999999999842,0.00021260160271220808,0.0,28.186329,0.00829999999999842,28.194629,27.799999237060547
package-0,40.041338142,782.8645120000001,19.55151699370138,19.531686730792007,212024.26404,763.3141469999973,212807.128552,27.799999237060547
dram,40.041464145,17.927992999997514,0.4477396208788817,0.44701951255667177,23037.167709,17.480545999998867,23055.095702,27.799999237060547
core,40.042128762,725.510654999991,18.11914281834727,18.10824697475577,137804.293826,707.3850910000037,138529.804481,27.799999237060547
uncore,40.042336606,0.00829999999999842,0.0002072869424533201,0.0,28.186329,0.00829999999999842,28.194629,27.799999237060547
package-0,41.042669109,802.424702999997,19.551090401551445,19.53403202055056,212024.26404,782.8645120000001,212826.688743,27.799999237060547
dram,41.042874117,18.376539999997476,0.44774468366245973,0.4479471320460299,23037.167709,17.927992999997514,23055.544249,27.799999237060547
core,41.043086532,743.6143679999805,18.118175672191658,18.07950185316235,137804.293826,725.510654999991,138547.908194,27.799999237060547
uncore,41.043285369,0.00829999999999842,0.00020222962942959984,0.0,28.186329,0.00829999999999842,28.194629,27.799999237060547
package-0,42.043593915,821.9722609999881,19.55057418527304,19.529407076113465,212024.26404,802.424702999997,212846.236301,27.799999237060547
dram,42.043799308,18.824658999998064,0.4477436888736265,0.4477028982114469,23037.167709,18.376539999997476,23055.992368,27.799999237060547
core,42.044011515,761.7280920000048,18.11766926725134,18.096904465560517,137804.293826,743.6143679999805,138566.021918,27.799999237060547
uncore,42.044226606,0.00829999999999842,0.00019741513605376726,0.0,28.186329,0.00829999999999842,28.194629,27.799999237060547
package-0,43.044519634,841.535321000003,19.550437634699346,19.544701974165854,212024.26404,821.9722609999881,212865.799361,27.799999237060547
dram,43.044722827,19.272838999997475,0.4477440548369455,0.4477594267340305,23037.167709,18.824658999998064,23056.440548,27.799999237060547
core,43.04493532,779.875566999981,18.11796635860857,18.130445362734022,137804.293826,761.7280920000048,138584.169393,27.799999237060547
uncore,43.045129152,0.00829999999999842,0.00019282450577968443,0.0,28.186329,0.00829999999999842,28.194629,27.799999237060547
package-0,44.045439752,861.084892999992,19.550015281745896,19.531851864108237,212024.26404,841.535321000003,212885.348933,27.799999237060547
dram,44.045657804,19.72089699999924,0.4477419600017597,0.44765187097538606,23037.167709,19.272838999997475,23056.888606,27.799999237060547
core,44.045874669,797.9909990000015,18.117535625080173,18.09901179825963,137804.293826,779.875566999981,138602.284825,27.799999237060547
uncore,44.046086367,0.00829999999999842,0.0001884426589730701,0.0,28.186329,0.00829999999999842,28.194629,27.799999237060547
package-0,45.046398178,880.6062049999891,19.548961843675908,19.502607380802523,212024.26404,861.084892999992,212904.870245,27.799999237060547
dram,45.046552176,20.168892999998207,0.44773806662667326,0.4475667463411849,23037.167709,19.72089699999924,23057.336602,27.799999237060547
core,45.047240267,816.0835429999861,18.11659508276889,18.075208374910794,137804.293826,797.9909990000015,138620.377369,27.799999237060547
uncore,45.047450923,0.00829999999999842,0.00018425532591208704,0.0,28.186329,0.00829999999999842,28.194629,27.799999237060547
package-0,46.047766919,900.1050560000003,19.54729445925841,19.47228747014077,212024.26404,880.6062049999891,212924.369096,27.799999237060547
dram,46.047983154,20.61713400000008,0.4477357243108182,0.44763035565197157,23037.167709,20.168892999998207,23057.784843,27.799999237060547
core,46.048195271,834.126099999994,18.114450512377417,18.01797739776326,137804.293826,816.0835429999861,138638.419926,27.799999237060547
uncore,46.048406056,0.00829999999999842,0.00018024845314480031,0.0,28.186329,0.00829999999999842,28.194629,27.799999237060547
package-0,47.048732536,919.5556899999792,19.54484332673935,19.432082327005876,212024.26404,900.1050560000003,212943.81973,27.799999237060547
dram,47.048935023,21.06525299999703,0.4477347853973665,0.4476915919679395,23037.167709,20.61713400000008,23058.232962,27.799999237060547
core,47.049129522,852.1402749999834,18.111951617938043,17.996993396372773,137804.293826,834.126099999994,138656.434101,27.799999237060547
uncore,47.049317651,0.00829999999999842,0.0001764136760568676,0.0,28.186329,0.00829999999999842,28.194629,27.799999237060547
package-0,48.049699876,939.0843879999884,19.544137419104633,19.510955692938843,212024.26404,919.5556899999792,212963.348428,27.799999237060547
dram,48.0499124,21.51324999999997,0.44773176905541034,0.44758998360376245,23037.167709,21.06525299999703,23058.680959,27.799999237060547
core,48.050124129,870.2318419999792,18.111184600513617,18.07513036212592,137804.293826,852.1402749999834,138674.525668,27.799999237060547
uncore,48.050336405,0.00829999999999842,0.00017273883226194106,0.0,28.186329,0.00829999999999842,28.194629,27.799999237060547
package-0,49.0506464,958.5955679999897,19.543060762104403,19.491380519230237,212024.26404,939.0843879999884,212982.859608,27.799999237060547
dram,49.050863229,21.961490999998205,0.4477328785640479,0.4477861357070796,23037.167709,21.51324999999997,23059.1292,27.799999237060547
core,49.05106235,888.311263999989,18.11016197814691,18.06107543315727,137804.293826,870.2318419999792,138692.60509,27.799999237060547
uncore,49.05127465,0.00829999999999842,0.00016921359720436076,0.0,28.186329,0.00829999999999842,28.194629,27.799999237060547
package-0,50.051588444,978.1821269999782,19.543560858528064,19.568067645696924,212024.26404,958.5955679999897,213002.446167,27.799999237060547
dram,50.051722025,22.409670999997616,0.4477333585630466,0.4477568804935097,23037.167709,21.961490999998205,23059.57738,27.799999237060547
core,50.052351646,906.4702749999997,18.110796033701767,18.14186737075011,137804.293826,888.311263999989,138710.764101,27.799999237060547
uncore,50.052546296,0.00829999999999842,0.00016582960437361952,0.0,28.186329,0.00829999999999842,28.194629,27.799999237060547
package-0,51.052863417,997.8527919999906,19.54556358053251,19.645675229624093,212024.26404,978.1821269999782,213022.116832,27.799999237060547
dram,51.053079812,22.857911999999487,0.4477321463607341,0.44767155104482553,23037.167709,22.409670999997616,23060.025621,27.799999237060547
core,51.053261028,924.7060679999995,18.112793179816425,18.212626102494433,137804.293826,906.4702749999997,138728.999894,27.799999237060547
uncore,51.05344841,0.00829999999999842,0.00016257726492224962,0.0,28.186329,0.00829999999999842,28.194629,27.799999237060547
package-0,52.05376085,1017.3701979999896,19.54468570643591,19.499908088973825,212024.26404,997.8527919999906,213041.634238,27.799999237060547
dram,52.053964161,23.306031000000075,0.4477318599020515,0.44771724853880507,23037.167709,22.857911999999487,23060.47374,27.799999237060547
core,52.054175657,942.7867099999858,18.11186328376669,18.064432188856934,137804.293826,924.7060679999995,138747.080536,27.799999237060547
uncore,52.054386987,0.00829999999999842,0.00015945119257699037,0.0,28.186329,0.00829999999999842,28.194629,27.799999237060547
package-0,53.054690892,1036.8640449999948,19.543378313295392,19.475388304871387,212024.26404,1017.3701979999896,213061.128085,27.799999237060547
dram,53.054909999,23.754088999998203,0.4477300086287164,0.44763373453507,23037.167709,23.306031000000075,23060.921798,27.799999237060547
core,53.055122927,960.8461729999981,18.110552053930203,18.04236252098439,137804.293826,942.7867099999858,138765.139999,27.799999237060547
uncore,53.055321218,0.00829999999999842,0.00015644292111635684,0.0,28.186329,0.00829999999999842,28.194629,27.799999237060547
package-0,54.055634087,1056.3622859999887,19.542207688627744,19.480158387129748,212024.26404,1036.8640449999948,213080.626326,27.799999237060547
dram,54.055850556,24.202146999999968,0.44772838774433804,0.447642472295717,23037.167709,23.754088999998203,23061.369856,27.799999237060547
core,54.056062023,978.9103360000008,18.10938287762442,18.047410346968878,137804.293826,960.8461729999981,138783.204162,27.799999237060547
uncore,54.05627452,0.00829999999999842,0.00015354611383350838,0.0,28.186329,0.00829999999999842,28.194629,27.799999237060547
package-0,55.056586977,1076.058767999988,19.544671103336512,19.67770508122366,212024.26404,1056.3622859999887,213100.322808,27.799999237060547
dram,55.056738083,24.650266000000556,0.4477277225994173,0.44769180218603083,23037.167709,24.202146999999968,23061.817975,27.799999237060547
core,55.057411646,997.1841539999878,18.112055678532275,18.256397325761554,137804.293826,978.9103360000008,138801.47798,27.799999237060547
uncore,55.057540318,0.00829999999999842,0.0001507545637671566,0.0,28.186329,0.00829999999999842,28.194629,27.799999237060547
package-0,56.057854086,1095.6654080000008,19.545336504968247,19.581924928029814,212024.26404,1076.058767999988,213119.929448,27.799999237060547
dram,56.058063158,25.09850699999879,0.4477267982592703,0.4476759715904784,23037.167709,24.650266000000556,23062.266216,27.799999237060547
core,56.058276378,1015.3530529999989,18.11266190146237,18.14599626672106,137804.293826,997.1841539999878,138819.646879,27.799999237060547
uncore,56.058487637,0.00829999999999842,0.00014806189171138407,0.0,28.186329,0.00829999999999842,28.194629,27.799999237060547
package-0,57.058819083,1115.348828999995,19.547431015223857,19.664732837454252,212024.26404,1095.6654080000008,213139.612869,27.799999237060547
dram,57.059036228,25.546503999998095,0.4477240766620335,0.4475716552000733,23037.167709,25.09850699999879,23062.714213,27.799999237060547
core,57.059248803,1033.6033719999832,18.11477278313664,18.23299147709695,137804.293826,1015.3530529999989,138837.897198,27.799999237060547
uncore,57.059447404,0.00829999999999842,0.0001454645158607396,0.0,28.186329,0.00829999999999842,28.194629,27.799999237060547
package-0,58.059760474,1135.068505000003,19.550074393858836,19.700757146212055,212024.26404,1115.348828999995,213159.332545,27.799999237060547
dram,58.059976296,25.99456199999986,0.4477224226530467,0.4476281377771484,23037.167709,25.546503999998095,23063.162271,27.799999237060547
core,58.060187152,1051.890922999999,18.117449042315524,18.27000611217622,137804.293826,1033.6033719999832,138856.184749,27.799999237060547
uncore,58.060399597,0.00829999999999842,0.0001429566733234282,0.0,28.186329,0.00829999999999842,28.194629,27.799999237060547
package-0,59.060719672,1154.7052350000013,19.551226263118757,19.618039619000772,212024.26404,1135.068505000003,213178.969275,27.799999237060547
dram,59.060922862,26.4429859999982,0.4477270793341868,0.44799718680650896,23037.167709,25.99456199999986,23063.610695,27.799999237060547
core,59.06111682,1070.0953440000012,18.118629377872267,18.187093901023363,137804.293826,1051.890922999999,138874.38917,27.799999237060547
uncore,59.06130692,0.00829999999999842,0.00014053385493125836,0.0,28.186329,0.00829999999999842,28.194629,27.799999237060547
package-0,60.061667806,1174.2701259999885,19.55115949450413,19.547219668348816,212024.26404,1154.7052350000013,213198.534166,27.799999237060547
dram,60.061820173,26.89116599999761,0.4477278811903838,0.44777519644524294,23037.167709,26.4429859999982,23064.058875,27.799999237060547
core,60.06246734,1088.2314060000062,18.118646906320777,18.119681210241502,137804.293826,1070.0953440000012,138892.525232,27.799999237060547
uncore,60.062673052,0.00829999999999842,0.0001381919033886373,0.0,28.186329,0.00829999999999842,28.194629,27.799999237060547
package-0,61.062989827,1193.9153389999992,19.552257066095585,19.618087737111576,212024.26404,1174.2701259999885,213218.179379,27.799999237060547
dram,61.063209324,27.339711999997235,0.4477311411248771,0.4479266670266327,23037.167709,26.89116599999761,23064.507421,27.799999237060547
core,61.063424894,1106.443150999985,18.11976126840978,18.186599007874868,137804.293826,1088.2314060000062,138910.736977,27.799999237060547
uncore,61.063637145,0.00829999999999842,0.00013592566268935636,0.0,28.186329,0.00829999999999842,28.194629,27.799999237060547
package-0,62.063951092,1213.509893999988,19.552639107734784,19.57594547978542,212024.26404,1193.9153389999992,213237.773934,27.799999237060547
dram,62.06416899,27.787953999999445,0.447732514411893,0.44781629150538393,23037.167709,27.339711999997235,23064.955663,27.799999237060547
core,62.064366654,1124.6055190000043,18.120170227119775,18.145118669568255,137804.293826,1106.443150999985,138928.899345,27.799999237060547
uncore,62.064578809,0.00829999999999842,0.00013373348284721065,0.0,28.186329,0.00829999999999842,28.194629,27.799999237060547
package-0,63.064898754,1233.1879440000048,19.554337826653782,19.659668190598932,212024.26404,1213.509893999988,213257.451984,27.799999237060547
dram,63.065114705,28.236133999998856,0.4477329719618476,0.44776134269622864,23037.167709,27.787953999999445,23065.403843,27.799999237060547
core,63.065309503,1142.847110999981,18.12182692949586,18.22455202560817,137804.293826,1124.6055190000043,138947.140937,27.799999237060547
uncore,63.065454772,0.00829999999999842,0.00013161092333967454,0.0,28.186329,0.00829999999999842,28.194629,27.799999237060547
package-0,64.065767818,1252.7913479999988,19.554835346772837,19.5861837293283,212024.26404,1233.1879440000048,213277.055388,27.799999237060547
dram,64.065983927,28.68437499999709,0.4477347573045585,0.4478472504563963,23037.167709,28.236133999998856,23065.852084,27.799999237060547
core,64.066182774,1161.014788999979,18.122293924129828,18.151718917966708,137804.293826,1142.847110999981,138965.308615,27.799999237060547
uncore,64.066395655,0.00829999999999842,0.00012955480067554218,0.0,28.186329,0.00829999999999842,28.194629,27.799999237060547
package-0,65.066707092,1272.5183489999908,19.557197889125224,19.708412852742647,212024.26404,1252.7913479999988,213296.782389,27.799999237060547
dram,65.066858759,29.13261599999896,0.44773604764726227,0.44781863627252216,23037.167709,28.68437499999709,23066.300325,27.799999237060547
core,65.067559005,1179.3181479999912,18.124814005862845,18.286112306901124,137804.293826,1161.014788999979,138983.611974,27.799999237060547
uncore,65.06777215,0.00829999999999842,0.00012756180891793933,0.0,28.186329,0.00829999999999842,28.194629,27.799999237060547
package-0,66.068089125,1292.2703119999787,19.559737934360683,19.724782348535513,212024.26404,1272.5183489999908,213316.534352,27.799999237060547
dram,66.068306791,29.580917999999656,0.447735275325133,0.4476850921820931,23037.167709,29.13261599999896,23066.748627,27.799999237060547
core,66.068508841,1197.6354839999985,18.12734997500397,18.292129536966055,137804.293826,1179.3181479999912,139001.92931,27.799999237060547
uncore,66.068720263,0.00829999999999842,0.00012562837925442138,0.0,28.186329,0.00829999999999842,28.194629,27.799999237060547
package-0,67.069050887,1312.03149199998,19.562464954728732,19.74246274360554,212024.26404,1292.2703119999787,213336.295532,27.799999237060547
dram,67.069268966,30.029097999999067,0.44773557710237133,0.44775549599856407,23037.167709,29.580917999999656,23067.196807,27.799999237060547
core,67.069461466,1215.9666140000045,18.1301321024203,18.313767248377005,137804.293826,1197.6354839999985,139020.26044,27.799999237060547
uncore,67.069684098,0.00829999999999842,0.00012375347704247027,0.0,28.186329,0.00829999999999842,28.194629,27.799999237060547
package-0,68.069999949,1331.7387170000002,19.56431419676236,19.688221082437842,212024.26404,1312.03149199998,213356.002757,27.799999237060547
dram,68.070205055,30.477155999997194,0.4477339647756791,0.4476259322004524,23037.167709,30.029097999999067,23067.644865,27.799999237060547
core,68.070416982,1234.2406759999867,18.131989459677254,18.256440098971773,137804.293826,1215.9666140000045,139038.534502,27.799999237060547
uncore,68.070631971,0.00829999999999842,0.00012193368395783949,0.0,28.186329,0.00829999999999842,28.194629,27.799999237060547
package-0,69.070949113,1351.522479999985,19.5672226850114,19.765015250539278,212024.26404,1331.7387170000002,213375.78652,27.799999237060547
dram,69.071164415,30.925274999997782,0.4477333906574601,0.447694347585684,23037.167709,30.477155999997194,23068.092984,27.799999237060547
core,69.071375957,1252.5897499999846,18.13488338811259,18.331685809393772,137804.293826,1234.2406759999867,139056.883576,27.799999237060547
uncore,69.071587272,0.00829999999999842,0.00012016666440173864,0.0,28.186329,0.00829999999999842,28.194629,27.799999237060547
package-0,70.071905889,1371.2426439999836,19.56913905862595,19.701378302356854,212024.26404,1351.522479999985,213395.506684,27.799999237060547
dram,70.072046047,31.373576999998477,0.4477354126681363,0.4478749413908296,23037.167709,30.925274999997782,23068.541286,27.799999237060547
core,70.072670803,1270.8848690000013,18.13692335035414,18.277690819710916,137804.293826,1252.5897499999846,139075.178695,27.799999237060547
uncore,70.072878398,0.00829999999999842,0.00011845011887375815,0.0,28.186329,0.00829999999999842,28.194629,27.799999237060547
package-0,71.073210699,1390.9131869999983,19.57020667207785,19.644918698477245,212024.26404,1371.2426439999836,213415.177227,27.799999237060547
dram,71.073398837,31.822793999999703,0.4477480415626787,0.4486318167724876,23037.167709,31.373576999998477,23068.990503,27.799999237060547
core,71.073556806,1289.1187090000021,18.13795411228081,18.210087253859204,137804.293826,1270.8848690000013,139093.412535,27.799999237060547
uncore,71.073757725,0.00829999999999842,0.00011678134688517798,0.0,28.186329,0.00829999999999842,28.194629,27.799999237060547
package-0,72.074086456,1410.5396630000032,19.570752256160123,19.6094950009329,212024.26404,1390.9131869999983,213434.803703,27.799999237060547
dram,72.074302164,32.27103499999794,0.447749501557143,0.4478531779559574,23037.167709,31.822793999999703,23069.438744,27.799999237060547
core,72.074501581,1307.3106789999874,18.13848563898282,18.176230148078737,137804.293826,1289.1187090000021,139111.604505,27.799999237060547
uncore,72.074718647,0.00829999999999842,0.00011515964278566885,0.0,28.186329,0.00829999999999842,28.194629,27.799999237060547
package-0,73.075043447,1430.1713869999803,19.571329654695393,19.61290510372361,212024.26404,1410.5396630000032,213454.435427,27.799999237060547
dram,73.075258278,32.7190929999997,0.44774784401810963,0.44762849330038773,23037.167709,32.27103499999794,23069.886802,27.799999237060547
core,73.075470384,1325.5092409999925,18.13906959107433,18.181116927415314,137804.293826,1307.3106789999874,139129.803067,27.799999237060547
uncore,73.075683043,0.00829999999999842,0.00011358221651650417,0.0,28.186329,0.00829999999999842,28.194629,27.799999237060547
package-0,74.075996365,1449.7657590000017,19.57138559839788,19.57546973069474,212024.26404,1430.1713869999803,213474.029799,27.799999237060547
dram,74.076211571,33.16715099999783,0.44774619443970787,0.44762576808021143,23037.167709,32.7190929999997,23070.33486,27.799999237060547
core,74.0764252,1343.671486999985,18.139146014724812,18.144725271822868,137804.293826,1325.5092409999925,139147.965313,27.799999237060547
uncore,74.076623874,0.00829999999999842,0.00011204741142370385,0.0,28.186329,0.00829999999999842,28.194629,27.799999237060547
package-0,75.076936122,1469.3960179999995,19.57192468757629,19.61182063304047,212024.26404,1449.7657590000017,213493.660058,27.799999237060547
dram,75.077073912,33.615452999998524,0.4477479905997212,0.4478809175899277,23037.167709,33.16715099999783,23070.783162,27.799999237060547
core,75.077740858,1361.8744429999788,18.139768793310083,18.185858274363344,137804.293826,1343.671486999985,139166.168269,27.799999237060547
uncore,75.077924249,0.00829999999999842,0.00011055356957340844,0.0,28.186329,0.00829999999999842,28.194629,27.799999237060547
package-0,76.078249908,1489.0975669999898,19.573295277912116,19.67606159392858,212024.26404,1469.3960179999995,213513.361607,27.799999237060547
dram,76.078464659,34.063694000000396,0.4477468472812673,0.44766112172019035,23037.167709,33.615452999998524,23071.231403,27.799999237060547
core,76.078674953,1380.1404489999986,18.14111924693472,18.24237572038806,137804.293826,1361.8744429999788,139184.434275,27.799999237060547
uncore,76.078887077,0.00829999999999842,0.00010909852679024675,0.0,28.186329,0.00829999999999842,28.194629,27.799999237060547
package-0,77.079200667,1508.7597479999822,19.574199356996328,19.642912501046553,212024.26404,1489.0975669999898,213533.023788,27.799999237060547
dram,77.079421771,34.51175199999852,0.4477451858738187,0.4476189131490818,23037.167709,34.063694000000396,23071.679461,27.799999237060547
core,77.079623382,1398.3706269999966,18.142043797331084,18.21231283206081,137804.293826,1380.1404489999986,139202.664453,27.799999237060547
uncore,77.079840394,0.00829999999999842,0.00010768172658264774,0.0,28.186329,0.00829999999999842,28.194629,27.799999237060547
package-0,77.477070175,1516.574364,19.574543071547616,19.641130591736065,212024.26404,1508.7597479999822,213540.838404,27.799999237060547
dram,77.477232567,34.690951000000496,0.44775879815838526,0.4503958941730739,23037.167709,34.51175199999852,23071.85866,27.799999237060547
core,77.477362632,1405.6065090000047,18.14227235089164,18.186549832803998,137804.293826,1398.3706269999966,139209.900335,27.799999237060547
uncore,77.477476275,0.00829999999999842,0.0001071287444588601,0.0,28.186329,0.00829999999999842,28.194629,27.799999237060547
