zone,time_elapsed,power_j,watts,watts_since_last,start_power,prev_power,prev_power_reading,temp
package-0,0.00055643,0.0,0.0,0.0,63481.443138,0.0,63481.443138,27.799999237060547
dram,0.000713857,0.0,0.0,0.0,25597.089134,0.0,25597.089134,27.799999237060547
core,0.00085488,0.009399000002304092,22.58555188454213,0.0,243201.590964,0.0,243201.600363,27.799999237060547
uncore,0.00099581,0.0,0.0,0.0,28.771044,0.0,28.771044,27.799999237060547
package-0,1.001336061,19.280040999998164,19.258948945773835,19.26695813814666,63481.443138,0.0,63500.723179,27.799999237060547
dram,1.001514335,0.45947099999830243,0.4589683461270543,0.45915921665625714,25597.089134,0.0,25597.548605,27.799999237060547
core,1.001713086,17.83821099999477,17.818696284560453,17.816713898936957,243201.590964,0.009399000002304092,243219.429175,27.799999237060547
uncore,1.001924884,0.009032999999998736,0.009023118043533583,0.00902687047511315,28.771044,0.0,28.780077,27.799999237060547
package-0,2.002243746,39.06355999999505,19.512007750843303,19.765107940306248,63481.443138,19.280040999998164,63520.506698,27.799999237060547
dram,2.002459147,0.9058199999999488,0.4524515139139935,0.44593361595991504,25597.089134,0.45947099999830243,25597.994954,27.799999237060547
core,2.002658664,36.18691899999976,18.075143279496892,18.33163221292008,243201.590964,17.83821099999477,243237.777883,27.799999237060547
uncore,2.002870263,0.009032999999998736,0.004511927894266811,0.0,28.771044,0.009032999999998736,28.780077,27.799999237060547
package-0,3.003183909,58.88199099999474,19.60790453394301,19.799711105738524,63481.443138,39.06355999999505,63540.325129,27.799999237060547
dram,3.003386199,1.3517419999989215,0.4501347125049222,0.44550079548037547,25597.089134,0.9058199999999488,25598.440876,27.799999237060547
core,3.003597339,54.568525000009686,18.171505592573595,18.36424328745863,243201.590964,36.18691899999976,243256.159489,27.799999237060547
uncore,3.003791826,0.009032999999998736,0.0030080199165666505,0.0,28.771044,0.009032999999998736,28.780077,27.799999237060547
package-0,4.004101843,78.68955699999788,19.653271682283382,19.789382901522348,63481.443138,58.88199099999474,63560.132695,27.799999237060547
dram,4.004302403,1.7975419999966107,0.44894878854444914,0.4453907611592225,25597.089134,1.3517419999989215,25598.886676,27.799999237060547
core,4.004515148,72.94024299999,18.217339973722446,18.354852992050784,243201.590964,54.568525000009686,243274.531207,27.799999237060547
uncore,4.004726662,0.009032999999998736,0.002256055439555286,0.0,28.771044,0.009032999999998736,28.780077,27.799999237060547
package-0,5.005034618,98.4725879999969,19.675518407861272,19.76450847347352,63481.443138,78.68955699999788,63579.915726,27.799999237060547
dram,5.005246985,2.2432799999987765,0.44822318403944406,0.4453206628444538,25597.089134,1.7975419999966107,25599.332414,27.799999237060547
core,5.005457926,91.28931699998793,18.24025014021569,18.331894063825178,243201.590964,72.94024299999,243292.880281,27.799999237060547
uncore,5.005657437,0.009032999999998736,0.0018048571829775775,0.0,28.771044,0.009032999999998736,28.780077,27.799999237060547
package-0,6.005968186,118.23413399999845,19.686795565889494,19.743183358739163,63481.443138,98.4725879999969,63599.677272,27.799999237060547
dram,6.006120624,2.6891409999989264,0.44776045058892383,0.4454467011595689,25597.089134,2.2432799999987765,25599.778275,27.799999237060547
core,6.006798168,109.64778999998816,18.25711030269294,18.34141410927255,243201.590964,91.28931699998793,243311.238754,27.799999237060547
uncore,6.006997718,0.009032999999998736,0.0015040565556699325,0.0,28.771044,0.009032999999998736,28.780077,27.799999237060547
package-0,7.007307374,138.03944200000115,19.69994105859147,19.778783978209262,63481.443138,118.23413399999845,63619.48258,27.799999237060547
dram,7.007520693,3.1349409999966156,0.4473949765900576,0.4452029676811279,25597.089134,2.6891409999989264,25600.224075,27.799999237060547
core,7.007714466,127.99747500001104,18.266827774837946,18.325110403917467,243201.590964,109.64778999998816,243329.588439,27.799999237060547
uncore,7.00785156,0.009032999999998736,0.0012891211743831185,0.0,28.771044,0.009032999999998736,28.780077,27.799999237060547
package-0,8.008166348,157.84969399999682,19.71160570979419,19.793271016305177,63481.443138,138.03944200000115,63639.292832,27.799999237060547
dram,8.008380296,3.580739999997604,0.4471477469525068,0.44541686929673213,25597.089134,3.1349409999966156,25600.669874,27.799999237060547
core,8.008579769,146.37340399998357,18.278494895581776,18.360177491579485,243201.590964,127.99747500001104,243347.964368,27.799999237060547
uncore,8.008793964,0.009032999999998736,0.0011280030379821298,0.0,28.771044,0.009032999999998736,28.780077,27.799999237060547
package-0,9.009095977,177.60214599999745,19.714085317860075,19.733923286610903,63481.443138,157.84969399999682,63659.045284,27.799999237060547
dram,9.009316528,4.026539999998931,0.4469515424422652,0.4453818189861719,25597.089134,3.580739999997604,25601.115674,27.799999237060547
core,9.009528837,164.69006900000386,18.280826805270618,18.299483121231724,243201.590964,146.37340399998357,243366.281033,27.799999237060547
uncore,9.009739422,0.009032999999998736,0.0010026755683245389,0.0,28.771044,0.009032999999998736,28.780077,27.799999237060547
package-0,10.010061693,197.36857500000042,19.71745334121845,19.747766866619845,63481.443138,177.60214599999745,63678.811713,27.799999237060547
dram,10.010282058,4.472277999997459,0.44678811099440474,0.4453171641454812,25597.089134,4.026539999998931,25601.561412,27.799999237060547
core,10.010501747,183.02437299999292,18.284443381795278,18.31699398275051,243201.590964,164.69006900000386,243384.615337,27.799999237060547
uncore,10.01071125,0.009032999999998736,0.0009024119266767823,0.0,28.771044,0.009032999999998736,28.780077,27.799999237060547
package-0,11.011024997,217.06267699999444,19.713592178835626,19.67498008360057,63481.443138,197.36857500000042,63698.505815,27.799999237060547
dram,11.011182489,4.918260999998893,0.446675554374799,0.4455499744367782,25597.089134,4.472277999997459,25602.007395,27.799999237060547
core,11.011838684,201.2957490000117,18.28164269401133,18.253635474237733,243201.590964,183.02437299999292,243402.886713,27.799999237060547
uncore,11.012001105,0.009032999999998736,0.0008203753893231577,0.0,28.771044,0.009032999999998736,28.780077,27.799999237060547
package-0,12.012327931,236.70184799999697,19.705280477479658,19.613879745467585,63481.443138,217.06267699999444,63718.144986,27.799999237060547
dram,12.012544617,5.364365999997972,0.4465801070290631,0.4455305075673829,25597.089134,4.918260999998893,25602.4535,27.799999237060547
core,12.012759547,219.49919400000363,18.273170314880037,18.18000266829127,243201.590964,201.2957490000117,243421.090158,27.799999237060547
uncore,12.01297238,0.009032999999998736,0.0007519915879704121,0.0,28.771044,0.009032999999998736,28.780077,27.799999237060547
package-0,13.013279694,256.34864799999923,19.699316610626845,19.627747502523537,63481.443138,236.70184799999697,63737.791786,27.799999237060547
dram,13.013497654,5.810287999996945,0.4464962222498867,0.4454895668403573,25597.089134,5.364365999997972,25602.899422,27.799999237060547
core,13.013694676,237.71069499998703,18.267068225524287,18.19384038467272,243201.590964,219.49919400000363,243439.301659,27.799999237060547
uncore,13.013882385,0.009032999999998736,0.0006941480999882938,0.0,28.771044,0.009032999999998736,28.780077,27.799999237060547
package-0,14.014161668,276.00332199999684,19.694830863108173,19.636511444375273,63481.443138,256.34864799999923,63757.44646,27.799999237060547
dram,14.014351769,6.256147999996756,0.4464213539955508,0.4454479882284753,25597.089134,5.810287999996945,25603.345282,27.799999237060547
core,14.014544122,255.92976500000805,18.26243756048066,18.20223406205213,243201.590964,237.71069499998703,243457.520729,27.799999237060547
uncore,14.014759355,0.009032999999998736,0.0006445698040780585,0.0,28.771044,0.009032999999998736,28.780077,27.799999237060547
package-0,15.015067294,295.745885999997,19.69687760820695,19.725535950816123,63481.443138,276.00332199999684,63777.189024,27.799999237060547
dram,15.015250837,6.702008999996906,0.44635836794714323,0.4454764429062875,25597.089134,6.256147999996756,25603.791143,27.799999237060547
core,15.015414607,274.2398979999998,18.264564147456003,18.294340428910846,243201.590964,255.92976500000805,243475.830862,27.799999237060547
uncore,15.015545044,0.009032999999998736,0.0006016039575100305,0.0,28.771044,0.009032999999998736,28.780077,27.799999237060547
package-0,16.015849203,315.436265999997,19.695540485868403,19.675478972754778,63481.443138,295.745885999997,63796.879404,27.799999237060547
dram,16.016045258,7.149089999998978,0.4463823811942351,0.44674266391298406,25597.089134,6.702008999996906,25604.238224,27.799999237060547
core,16.016258288,292.5110310000018,18.26411061315219,18.25730601186698,243201.590964,274.2398979999998,243494.101995,27.799999237060547
uncore,16.016399038,0.009032999999998736,0.0005640119300956539,0.0,28.771044,0.009032999999998736,28.780077,27.799999237060547
package-0,17.016699008,335.0923429999966,19.692194343358064,19.638651310473435,63481.443138,315.436265999997,63816.535481,27.799999237060547
dram,17.016900478,7.594645999997738,0.4463105413332704,0.44516100151953564,25597.089134,7.149089999998978,25604.68378,27.799999237060547
core,17.017112265,310.73254199998337,18.260654812603125,18.205357095345132,243201.590964,292.5110310000018,243512.323506,27.799999237060547
uncore,17.017323942,0.009032999999998736,0.0005308375294732721,0.0,28.771044,0.009032999999998736,28.780077,27.799999237060547
package-0,18.017650433,354.76666999999725,19.690193415938943,19.656176034957902,63481.443138,335.0923429999966,63836.209808,27.799999237060547
dram,18.017864493,8.040506999997888,0.44626271682221624,0.44544966153734417,25597.089134,7.594645999997738,25605.129641,27.799999237060547
core,18.018077194,328.9725460000045,18.258572766359396,18.22317629989277,243201.590964,310.73254199998337,243530.56351,27.799999237060547
uncore,18.018288987,0.009032999999998736,0.0005013478778210845,0.0,28.771044,0.009032999999998736,28.780077,27.799999237060547
package-0,19.018600021,374.33418600000005,19.682747649027842,19.548722913424868,63481.443138,354.76666999999725,63855.777324,27.799999237060547
dram,19.018813938,8.486488999998983,0.44622539874899536,0.44555366876384356,25597.089134,8.040506999997888,25605.575623,27.799999237060547
core,19.019027103,347.10390899999766,18.25096105125188,18.113949227359218,243201.590964,328.9725460000045,243548.694873,27.799999237060547
uncore,19.019237824,0.009032999999998736,0.000474961321095166,0.0,28.771044,0.009032999999998736,28.780077,27.799999237060547
package-0,20.019547238,393.9947189999948,19.68069241114909,19.64164265017595,63481.443138,374.33418600000005,63875.437857,27.799999237060547
dram,20.019747612,8.932288999996672,0.4461827122521084,0.44537166380002946,25597.089134,8.486488999998983,25606.021423,27.799999237060547
core,20.019927292,365.3296310000005,18.248823523925715,18.208210253791275,243201.590964,347.10390899999766,243566.920595,27.799999237060547
uncore,20.020153592,0.009032999999998736,0.00045121339443609956,0.0,28.771044,0.009032999999998736,28.780077,27.799999237060547
package-0,21.020482583,413.6335239999971,19.677852076887472,19.62104185497955,63481.443138,393.9947189999948,63895.076662,27.799999237060547
dram,21.020632696,9.378576999999495,0.44616850470197966,0.4458843360087072,25597.089134,8.932288999996672,25606.467711,27.799999237060547
core,21.020827233,383.5324649999966,18.245849707660557,18.18636967947518,243201.590964,365.3296310000005,243585.123429,27.799999237060547
uncore,21.021027612,0.009032999999998736,0.00042972831624377936,0.0,28.771044,0.009032999999998736,28.780077,27.799999237060547
package-0,22.021355506,433.32555099999445,19.677704720573406,19.674609992477652,63481.443138,413.6335239999971,63914.768689,27.799999237060547
dram,22.02157056,9.824864999998681,0.4461559950557195,0.4458932716427839,25597.089134,9.378576999999495,25606.913999,27.799999237060547
core,22.021782355,401.7894990000059,18.24562411079549,18.2408862007774,243201.590964,383.5324649999966,243603.380463,27.799999237060547
uncore,22.021981352,0.009032999999998736,0.0004101966900652876,0.0,28.771044,0.009032999999998736,28.780077,27.799999237060547
package-0,23.022310714,453.0468140000012,19.678789437634794,19.702653607242844,63481.443138,433.32555099999445,63934.489952,27.799999237060547
dram,23.022527798,10.27096999999776,0.4461354758588353,0.4456840460693581,25597.089134,9.824864999998681,25607.360104,27.799999237060547
core,23.022739521,420.074729999993,18.24659594613357,18.26797667680015,243201.590964,401.7894990000059,243621.665694,27.799999237060547
uncore,23.022950436,0.009032999999998736,0.00039236233320058127,0.0,28.771044,0.009032999999998736,28.780077,27.799999237060547
package-0,24.023256992,472.79603099999804,19.68093180097874,19.730205999466484,63481.443138,453.0468140000012,63954.239169,27.799999237060547
dram,24.023472654,10.716891000000032,0.44610865375374603,0.44549174732012536,25597.089134,10.27096999999776,25607.806025,27.799999237060547
core,24.023666544,438.3901740000001,18.24873000406647,18.297813178714392,243201.590964,420.074729999993,243639.981138,27.799999237060547
uncore,24.02382358,0.009032999999998736,0.00037601385227833446,0.0,28.771044,0.009032999999998736,28.780077,27.799999237060547
package-0,25.024144047,492.5394499999966,19.682744553277104,19.726254534961267,63481.443138,472.79603099999804,63973.982588,27.799999237060547
dram,25.024358569,11.162995999999112,0.4460929956315949,0.44571716678359424,25597.089134,10.716891000000032,25608.25213,27.799999237060547
core,25.024569308,456.6977440000046,18.250446808291386,18.291653828383836,243201.590964,438.3901740000001,243658.288708,27.799999237060547
uncore,25.024771953,0.009032999999998736,0.0003609746012217467,0.0,28.771044,0.009032999999998736,28.780077,27.799999237060547
package-0,26.025093103,512.2969679999951,19.684897474028155,19.73872073728553,63481.443138,492.5394499999966,63993.740106,27.799999237060547
dram,26.025250141,11.608978999996907,0.4460724456075391,0.4455586926725288,25597.089134,11.162995999999112,25608.698113,27.799999237060547
core,26.025924273,475.0278980000003,18.25284171783972,18.31271472850886,243201.590964,456.6977440000046,243676.618862,27.799999237060547
uncore,26.026123111,0.009032999999998736,0.0003470910233512706,0.0,28.771044,0.009032999999998736,28.780077,27.799999237060547
package-0,27.026421724,531.953594999999,19.682866948956,19.630094120696356,63481.443138,512.2969679999951,64013.396733,27.799999237060547
dram,27.026637176,12.055022999997163,0.4460490839911497,0.4454419215450934,25597.089134,11.608978999996907,25609.144157,27.799999237060547
core,27.026848928,493.2495310000086,18.250774094887234,18.197037102188382,243201.590964,475.0278980000003,243694.840495,27.799999237060547
uncore,27.027060825,0.009032999999998736,0.00033423091566830185,0.0,28.771044,0.009032999999998736,28.780077,27.799999237060547
package-0,28.02737416,551.7341229999947,19.685690194891123,19.76192009698468,63481.443138,531.953594999999,64033.177261,27.799999237060547
dram,28.027557378,12.501004999998258,0.44603170493907074,0.44556245660970145,25597.089134,12.055022999997163,25609.590139,27.799999237060547
core,28.027744585,511.59530899999663,18.25355064749842,18.32851979243742,243201.590964,493.2495310000086,243713.186273,27.799999237060547
uncore,28.027940374,0.009032999999998736,0.0003222944387842916,0.0,28.771044,0.009032999999998736,28.780077,27.799999237060547
package-0,29.028277994,571.4873069999958,19.687402965139835,19.73536375594399,63481.443138,551.7341229999947,64052.930445,27.799999237060547
dram,29.028490694,12.946926999997231,0.44601405120830856,0.44551971351845415,25597.089134,12.501004999998258,25610.036061,27.799999237060547
core,29.028688952,529.9144760000054,18.25524328937214,18.30264044779001,243201.590964,511.59530899999663,243731.50544,27.799999237060547
uncore,29.028900875,0.009032999999998736,0.0003111815587254759,0.0,28.771044,0.009032999999998736,28.780077,27.799999237060547
package-0,30.02921105,591.2813849999948,19.690334953556153,19.77536445396402,63481.443138,571.4873069999958,64072.724523,27.799999237060547
dram,30.029429093,13.392787999997381,0.4459948991661866,0.4454394779495295,25597.089134,12.946926999997231,25610.481922,27.799999237060547
core,30.029647006,548.2745360000117,18.25815852522722,18.342702190866913,243201.590964,529.9144760000054,243749.8655,27.799999237060547
uncore,30.029858281,0.009032999999998736,0.00030080905664812946,0.0,28.771044,0.009032999999998736,28.780077,27.799999237060547
package-0,31.030172816,611.080406000001,19.69323822146481,19.78033823318088,63481.443138,591.2813849999948,64092.523544,27.799999237060547
dram,31.030410611,13.838831999997637,0.4459829060249452,0.44562310363139923,25597.089134,13.392787999997381,25610.927966,27.799999237060547
core,31.030622273,566.6404559999937,18.26107559064381,18.348589536981244,243201.590964,548.2745360000117,243768.23142,27.799999237060547
uncore,31.030843201,0.009032999999998736,0.00029110575156367636,0.0,28.771044,0.009032999999998736,28.780077,27.799999237060547
package-0,32.03115932,630.8699059999999,19.69563828387095,19.770038887738874,63481.443138,611.080406000001,64112.313044,27.799999237060547
dram,32.031374712,14.285058999998,0.4459768206596241,0.4457881777087189,25597.089134,13.838831999997637,25611.374193,27.799999237060547
core,32.031569969,584.995511999994,18.263448442316047,18.3370055285202,243201.590964,566.6404559999937,243786.586476,27.799999237060547
uncore,32.031727307,0.009032999999998736,0.0002820085392029802,0.0,28.771044,0.009032999999998736,28.780077,27.799999237060547
package-0,33.032032649,650.6551949999994,19.697827615786718,19.767892325661943,63481.443138,630.8699059999999,64132.098333,27.799999237060547
dram,33.032246229,14.731040999999095,0.44596509556658326,0.44558985998158773,25597.089134,14.285058999998,25611.820175,27.799999237060547
core,33.032455399,603.345318000007,18.265576234669375,18.333671507403825,243201.590964,584.995511999994,243804.936282,27.799999237060547
uncore,33.032670923,0.009032999999998736,0.00027346354600823054,0.0,28.771044,0.009032999999998736,28.780077,27.799999237060547
package-0,34.032980335,670.3879329999982,19.698305094459972,19.71406215920913,63481.443138,650.6551949999994,64151.831071,27.799999237060547
dram,34.033195027,15.17702399999689,0.44595320777929465,0.4455609041131366,25597.089134,14.731040999999095,25612.266158,27.799999237060547
core,34.033410662,621.6619829999981,18.266568958008058,18.29932938648751,243201.590964,603.345318000007,243823.252947,27.799999237060547
uncore,34.033624064,0.009032999999998736,0.000265420633575504,0.0,28.771044,0.009032999999998736,28.780077,27.799999237060547
package-0,35.033935071,690.1142619999955,19.698560885700733,19.707257754572293,63481.443138,670.3879329999982,64171.5574,27.799999237060547
dram,35.034148955,15.622945999999502,0.44593999854911986,0.4454908864435454,25597.089134,15.17702399999689,25612.71208,27.799999237060547
core,35.034357428,639.9555760000076,18.266835757670393,18.275906911441737,243201.590964,621.6619829999981,243841.54654,27.799999237060547
uncore,35.03456831,0.009032999999998736,0.00025783715868273277,0.0,28.771044,0.009032999999998736,28.780077,27.799999237060547
package-0,36.034882114,709.790602999994,19.69742684530433,19.65773473783406,63481.443138,690.1142619999955,64191.233741,27.799999237060547
dram,36.03503955,16.06898899999942,0.4459311435903741,0.4456212146184481,25597.089134,15.622945999999502,25613.158123,27.799999237060547
core,36.0356566,658.2079099999974,18.265953509989924,18.235074301577527,243201.590964,639.9555760000076,243859.798874,27.799999237060547
uncore,36.035789188,0.009032999999998736,0.00025067513706378367,0.0,28.771044,0.009032999999998736,28.780077,27.799999237060547
package-0,37.036098037,729.5099129999944,19.697371175911716,19.695367582438593,63481.443138,709.790602999994,64210.953051,27.799999237060547
dram,37.036308193,16.51484999999957,0.44591461276620054,0.44531965295319287,25597.089134,16.06898899999942,25613.603984,27.799999237060547
core,37.036519169,676.4675669999851,18.265183951879674,18.23748683620268,243201.590964,658.2079099999974,243878.058531,27.799999237060547
uncore,37.036730874,0.009032999999998736,0.00024389847301771624,0.0,28.771044,0.009032999999998736,28.780077,27.799999237060547
package-0,38.037064209,749.2585799999943,19.698235284762603,19.730208423239688,63481.443138,729.5099129999944,64230.701718,27.799999237060547
dram,38.037283807,16.96071099999972,0.4459022356138494,0.4454442650634141,25597.089134,16.51484999999957,25614.049845,27.799999237060547
core,38.037494402,694.7821570000087,18.26603360383427,18.297471818561217,243201.590964,676.4675669999851,243896.373121,27.799999237060547
uncore,38.037705985,0.009032999999998736,0.0002374803093042152,0.0,28.771044,0.009032999999998736,28.780077,27.799999237060547
package-0,39.038023384,769.0106049999958,19.699121120743253,19.732782695352917,63481.443138,749.2585799999943,64250.453743,27.799999237060547
dram,39.038243276,17.4068159999988,0.4458962912617698,0.44567040717554435,25597.089134,16.96071099999972,25614.49595,27.799999237060547
core,39.03844218,713.0982720000029,18.266860222455385,18.29827155028154,243201.590964,694.7821570000087,243914.689236,27.799999237060547
uncore,39.038653491,0.009032999999998736,0.00023139103664721226,0.0,28.771044,0.009032999999998736,28.780077,27.799999237060547
package-0,40.038957705,788.7366289999991,19.699329816062438,19.707469161590502,63481.443138,769.0106049999958,64270.179767,27.799999237060547
dram,40.039171881,17.85267599999861,0.4458848995882951,0.44544061187300504,25597.089134,17.4068159999988,25614.94181,27.799999237060547
core,40.039364989,731.4112739999837,18.26758310436234,18.295776288759814,243201.590964,713.0982720000029,243933.002238,27.799999237060547
uncore,40.039497786,0.009032999999998736,0.00022560641877894495,0.0,28.771044,0.009032999999998736,28.780077,27.799999237060547
package-0,41.039828047,808.4566100000011,19.699425683275237,19.703260832562755,63481.443138,788.7366289999991,64289.899748,27.799999237060547
dram,41.040030101,18.298659000000043,0.44587807015901065,0.44560486016270434,25597.089134,17.85267599999861,25615.387793,27.799999237060547
core,41.040244401,749.6933929999941,18.267559567168135,18.266617966270864,243201.590964,731.4112739999837,243951.284357,27.799999237060547
uncore,41.040465371,0.009032999999998736,0.00022010446818784756,0.0,28.771044,0.009032999999998736,28.780077,27.799999237060547
package-0,42.040778396,828.2390909999958,19.700949252944728,19.76341568743962,63481.443138,808.4566100000011,64309.682229,27.799999237060547
dram,42.040995723,18.74470299999666,0.4458717857890348,0.4456141262981035,25597.089134,18.298659000000043,25615.833837,27.799999237060547
core,42.04120642,768.041796000005,18.269063379835934,18.330719776249282,243201.590964,749.6933929999941,243969.63276,27.799999237060547
uncore,42.041417685,0.009032999999998736,0.00021486389200365058,0.0,28.771044,0.009032999999998736,28.780077,27.799999237060547
package-0,43.041731352,847.9838529999979,19.70152395185557,19.72566124770271,63481.443138,828.2390909999958,64329.426991,27.799999237060547
dram,43.041948328,19.190135999997437,0.4458515603873371,0.4450020955715919,25597.089134,18.74470299999666,25616.27927,27.799999237060547
core,43.042161068,786.3524789999938,18.269619338635472,18.292969551712474,243201.590964,768.041796000005,243987.943443,27.799999237060547
uncore,43.042372627,0.009032999999998736,0.00020986704549560202,0.0,28.771044,0.009032999999998736,28.780077,27.799999237060547
package-0,44.042684466,867.6852179999987,19.701100527536816,19.682892782270677,63481.443138,847.9838529999979,64349.128356,27.799999237060547
dram,44.042886422,19.635935999998765,0.4458408891417295,0.44538201299057356,25597.089134,19.190135999997437,25616.72507,27.799999237060547
core,44.043085777,804.6164700000081,18.269102242078294,18.24686648004463,243201.590964,786.3524789999938,244006.207434,27.799999237060547
uncore,44.04327815,0.009032999999998736,0.00020509746780682787,0.0,28.771044,0.009032999999998736,28.780077,27.799999237060547
package-0,45.043582248,887.4596429999947,19.702333945965023,19.756607799601017,63481.443138,867.6852179999987,64368.902781,27.799999237060547
dram,45.043747564,20.08173600000009,0.4458310549753213,0.4453983242036189,25597.089134,19.635935999998765,25617.17087,27.799999237060547
core,45.043919177,822.9550459999882,18.270278842199556,18.322052531735135,243201.590964,804.6164700000081,244024.54601,27.799999237060547
uncore,45.04417421,0.009032999999998736,0.0002005400289891021,0.0,28.771044,0.009032999999998736,28.780077,27.799999237060547
package-0,46.044493813,907.1671729999944,19.70206219960199,19.68983281764285,63481.443138,887.4596429999947,64388.610311,27.799999237060547
dram,46.044725346,20.527534999997442,0.4458216560427269,0.44539867655765797,25597.089134,20.08173600000009,25617.616669,27.799999237060547
core,46.044945255,841.2280099999916,18.26998051776653,18.25655504484222,243201.590964,822.9550459999882,244042.818974,27.799999237060547
uncore,46.045168642,0.009032999999998736,0.00019618074060202018,0.0,28.771044,0.009032999999998736,28.780077,27.799999237060547
package-0,47.045477133,926.9612500000003,19.70360121356518,19.774393529138237,63481.443138,907.1671729999944,64408.404388,27.799999237060547
dram,47.0456819,20.973457000000053,0.4458143560994141,0.44547856974333105,25597.089134,20.527534999997442,25618.062591,27.799999237060547
core,47.045901629,859.5884979999973,18.27151779252845,18.34223010747228,243201.590964,841.2280099999916,244061.179462,27.799999237060547
uncore,47.046119046,0.009032999999998736,0.00019200654802140792,0.0,28.771044,0.009032999999998736,28.780077,27.799999237060547
package-0,48.046440917,946.745928999997,19.704893113009643,19.765612299747854,63481.443138,926.9612500000003,64428.189067,27.799999237060547
dram,48.046641725,21.41919599999892,0.445803836930556,0.4453094367038443,25597.089134,20.973457000000053,25618.50833,27.799999237060547
core,48.0468559,877.9388529999997,18.27279181057174,18.332670572661097,243201.590964,859.5884979999973,244079.529817,27.799999237060547
uncore,48.047055045,0.009032999999998736,0.0001880064059824352,0.0,28.771044,0.009032999999998736,28.780077,27.799999237060547
package-0,49.047367103,966.5182169999971,19.705895356560056,19.754004858589294,63481.443138,946.745928999997,64447.961355,27.799999237060547
dram,49.047579482,21.864994999999908,0.4457953258026468,0.44538677627868484,25597.089134,21.41919599999892,25618.954129,27.799999237060547
core,49.047759597,896.2785889999941,18.27381188942374,18.322777518167502,243201.590964,877.9388529999997,244097.869553,27.799999237060547
uncore,49.047939839,0.009032999999998736,0.00018416968208658462,0.0,28.771044,0.009032999999998736,28.780077,27.799999237060547
package-0,50.048276238,986.1767970000001,19.704593939068253,19.640820769862877,63481.443138,966.5182169999971,64467.619935,27.799999237060547
dram,50.048479065,22.310794999997597,0.44578736517641565,0.44539727178454164,25597.089134,21.864994999999908,25619.399929,27.799999237060547
core,50.048691166,914.4994899999874,18.272424541676536,18.204440544852666,243201.590964,896.2785889999941,244116.090454,27.799999237060547
uncore,50.048904085,0.009032999999998736,0.00018048649855993178,0.0,28.771044,0.009032999999998736,28.780077,27.799999237060547
package-0,51.049220036,1005.8486219999977,19.703588706867098,19.653326090628237,63481.443138,986.1767970000001,64487.29176,27.799999237060547
dram,51.049435593,22.756899999996676,0.4457853677342309,0.4456854936256636,25597.089134,22.310794999997597,25619.846034,27.799999237060547
core,51.049647933,932.7362589999975,18.271389170643868,18.219619582662105,243201.590964,914.4994899999874,244134.327223,27.799999237060547
uncore,51.049870536,0.009032999999998736,0.00017694761706310317,0.0,28.771044,0.009032999999998736,28.780077,27.799999237060547
package-0,52.050194312,1025.5055539999958,19.70232130266251,19.6376849282607,63481.443138,1005.8486219999977,64506.948692,27.799999237060547
dram,52.050396772,23.203003999999055,0.44578309518833353,0.4456671975710345,25597.089134,22.756899999996676,25620.292138,27.799999237060547
core,52.050608455,950.9588079999958,18.27010678560688,18.204706403409915,243201.590964,932.7362589999975,244152.549772,27.799999237060547
uncore,52.050819044,0.009032999999998736,0.00017354471424630265,0.0,28.771044,0.009032999999998736,28.780077,27.799999237060547
package-0,53.051131759,1045.0794170000008,19.69955117312316,19.555501225241127,63481.443138,1025.5055539999958,64526.522555,27.799999237060547
dram,53.051345811,23.64898699999685,0.4457789733686449,0.44556463396578094,25597.089134,23.203003999999055,25620.738121,27.799999237060547
core,53.051540093,969.0975559999933,18.267307331506313,18.121732472440453,243201.590964,950.9588079999958,244170.68852,27.799999237060547
uncore,53.05169833,0.009032999999998736,0.00017027035730701458,0.0,28.771044,0.009032999999998736,28.780077,27.799999237060547
package-0,54.052016276,1064.6927699999942,19.697634492261198,19.596042541873366,63481.443138,1045.0794170000008,64546.135908,27.799999237060547
dram,54.052232843,24.094847999997,0.44577320558919004,0.4454674896111896,25597.089134,23.64898699999685,25621.183982,27.799999237060547
core,54.052447932,987.2972160000063,18.265757262534322,18.183597246631184,243201.590964,969.0975559999933,244188.88818,27.799999237060547
uncore,54.052662997,0.009032999999998736,0.00016711744212236123,0.0,28.771044,0.009032999999998736,28.780077,27.799999237060547
package-0,55.052971392,1084.4382639999967,19.698161928850276,19.726643613897938,63481.443138,1064.6927699999942,64565.881402,27.799999237060547
dram,55.053160809,24.54070899999715,0.44576706279956446,0.44543535088754876,25597.089134,24.094847999997,25621.629843,27.799999237060547
core,55.053360769,1005.6067390000098,18.266235192126466,18.292043489086236,243201.590964,987.2972160000063,244207.197703,27.799999237060547
uncore,55.053525356,0.009032999999998736,0.00016407895461652595,0.0,28.771044,0.009032999999998736,28.780077,27.799999237060547
package-0,56.053828782,1104.1337099999946,19.69781036654842,19.678472569624642,63481.443138,1084.4382639999967,64585.576848,27.799999237060547
dram,56.053981461,24.986690999998245,0.44576403794927155,0.44559765509086824,25597.089134,24.54070899999715,25622.075825,27.799999237060547
core,56.054197059,1023.8645660000038,18.26580411361281,18.242092502011495,243201.590964,1005.6067390000098,244225.45553,27.799999237060547
uncore,56.054366021,0.009032999999998736,0.0001611492516074053,0.0,28.771044,0.009032999999998736,28.780077,27.799999237060547
package-0,57.054659791,1123.8113939999967,19.69716958230371,19.66128124188422,63481.443138,1104.1337099999946,64605.254532,27.799999237060547
dram,57.054850963,25.432185999998183,0.44575280439864984,0.44512364802946647,25597.089134,24.986690999998245,25622.52132,27.799999237060547
core,57.055051866,1042.1066460000002,18.26512121046159,18.226873920571254,243201.590964,1023.8645660000038,244243.69761,27.799999237060547
uncore,57.055239736,0.009032999999998736,0.00015832241405173462,0.0,28.771044,0.009032999999998736,28.780077,27.799999237060547
package-0,58.055556271,1143.514102000001,19.696966591990837,19.685395265744592,63481.443138,1123.8113939999967,64624.95724,27.799999237060547
dram,58.055742606,25.878106999996817,0.4457489489210523,0.44552917001395287,25597.089134,25.432185999998183,25622.967241,27.799999237060547
core,58.055864444,1060.3719799999963,18.26484818037083,18.249284283697808,243201.590964,1042.1066460000002,244261.962944,27.799999237060547
uncore,58.056015748,0.009032999999998736,0.0001555929209042917,0.0,28.771044,0.009032999999998736,28.780077,27.799999237060547
package-0,59.056337791,1163.1637100000007,19.69589757695244,19.633885204361945,63481.443138,1143.514102000001,64644.606848,27.799999237060547
dram,59.056554761,26.324028999999427,0.4457458348633609,0.4455651918425484,25597.089134,25.878106999996817,25623.413163,27.799999237060547
core,59.056766534,1078.5851899999834,18.26372611836166,18.19863655003652,243201.590964,1060.3719799999963,244280.176154,27.799999237060547
uncore,59.056977672,0.009032999999998736,0.00015295614992371658,0.0,28.771044,0.009032999999998736,28.780077,27.799999237060547
package-0,60.057288788,1182.8622679999971,19.695634356316063,19.68010412380036,63481.443138,1163.1637100000007,64664.305406,27.799999237060547
dram,60.057503902,26.769889999999577,0.44574079287377755,0.4454433113706242,25597.089134,26.324028999999427,25623.859024,27.799999237060547
core,60.057706934,1096.850952000008,18.263474859584743,18.24865038654629,243201.590964,1078.5851899999834,244298.441916,27.799999237060547
uncore,60.057918272,0.009032999999998736,0.00015040691545719213,0.0,28.771044,0.009032999999998736,28.780077,27.799999237060547
package-0,61.058230339,1202.5469709999961,19.695151749183626,19.66619502586298,63481.443138,1182.8622679999971,64683.990109,27.799999237060547
dram,61.058459248,27.21605599999748,0.44574088651896127,0.4457465052872971,25597.089134,26.769889999999577,25624.30519,27.799999237060547
core,61.058670422,1115.1004780000076,18.26296490650544,18.232367409636193,243201.590964,1096.850952000008,244316.691442,27.799999237060547
uncore,61.058891918,0.009032999999998736,0.00014794125305759169,0.0,28.771044,0.009032999999998736,28.780077,27.799999237060547
package-0,62.059210966,1222.2673179999983,19.69524705404745,19.70106048922781,63481.443138,1202.5469709999961,64703.710456,27.799999237060547
dram,62.059426494,27.662282999997842,0.4457416882056689,0.4457905897362158,25597.089134,27.21605599999748,25624.751417,27.799999237060547
core,62.059621185,1133.3878449999902,18.26307002289435,18.269481944477224,243201.590964,1115.1004780000076,244334.978809,27.799999237060547
uncore,62.059777928,0.009032999999998736,0.0001455550385903274,0.0,28.771044,0.009032999999998736,28.780077,27.799999237060547
package-0,63.060067334,1241.9771069999988,19.695202984514808,19.692470476532343,63481.443138,1222.2673179999983,64723.420245,27.799999237060547
dram,63.060282102,28.108264999998937,0.44573928263036233,0.4455901262101896,25597.089134,27.662282999997842,25625.197399,27.799999237060547
core,63.060493174,1151.6597100000072,18.262954791756577,18.2558099462156,243201.590964,1133.3878449999902,244353.250674,27.799999237060547
uncore,63.060705987,0.009032999999998736,0.00014324480504220561,0.0,28.771044,0.009032999999998736,28.780077,27.799999237060547
package-0,64.061014267,1261.7031299999944,19.69539849332277,19.707715813006867,63481.443138,1241.9771069999988,64743.146268,27.799999237060547
dram,64.061228478,28.55418699999791,0.44573567128886965,0.4455081518839025,25597.089134,28.108264999998937,25625.643321,27.799999237060547
core,64.061428236,1169.9703319999971,18.263434056872942,18.293628408284516,243201.590964,1151.6597100000072,244371.561296,27.799999237060547
uncore,64.061639647,0.009032999999998736,0.0001410066523257024,0.0,28.771044,0.009032999999998736,28.780077,27.799999237060547
package-0,65.061950491,1281.4141390000004,19.6953557720531,19.692621566012154,63481.443138,1261.7031299999944,64762.857277,27.799999237060547
dram,65.062154262,29.00004799999806,0.44573120069699695,0.44544507813090733,25597.089134,28.55418699999791,25626.089182,27.799999237060547
core,65.062366244,1188.2459199999867,18.263358758748858,18.258539599877235,243201.590964,1169.9703319999971,244389.836884,27.799999237060547
uncore,65.06258313,0.009032999999998736,0.00013883735419664407,0.0,28.771044,0.009032999999998736,28.780077,27.799999237060547
package-0,66.062909273,1301.2018699999971,19.696472802626747,19.769080256610216,63481.443138,1281.4141390000004,64782.645008,27.799999237060547
dram,66.063127694,29.446029999999155,0.44572863166905524,0.44556164377950414,25597.089134,29.00004799999806,25626.535164,27.799999237060547
core,66.06369989,1206.606895999983,18.264575588510027,18.343670031378597,243201.590964,1188.2459199999867,244408.19786,27.799999237060547
uncore,66.063832764,0.009032999999998736,0.0001367337712372815,0.0,28.771044,0.009032999999998736,28.780077,27.799999237060547
package-0,67.064155468,1320.9761719999951,19.69726680240823,19.74965518081922,63481.443138,1301.2018699999971,64802.41931,27.799999237060547
dram,67.06437517,29.892256999999518,0.4457277685514131,0.44567081975280237,25597.089134,29.446029999999155,25626.981391,27.799999237060547
core,67.064593152,1224.9249649999838,18.265033359386994,18.295237239145393,243201.590964,1206.606895999983,244426.515929,27.799999237060547
uncore,67.064807969,0.009032999999998736,0.00013469236977737802,0.0,28.771044,0.009032999999998736,28.780077,27.799999237060547
package-0,68.065137369,1340.6103379999986,19.696055598577694,19.614907181846593,63481.443138,1320.9761719999951,64822.053476,27.799999237060547
dram,68.065349917,30.338239999997313,0.4457250886893738,0.44554554288869247,25597.089134,29.892256999999518,25627.427374,27.799999237060547
core,68.065560842,1243.125234999985,18.2638183896764,18.182417665945547,243201.590964,1224.9249649999838,244444.716199,27.799999237060547
uncore,68.065760453,0.009032999999998736,0.0001327115457630669,0.0,28.771044,0.009032999999998736,28.780077,27.799999237060547
package-0,69.066082927,1360.3795129999999,19.69684385104182,19.750445356413103,63481.443138,1340.6103379999986,64841.822651,27.799999237060547
dram,69.066302754,30.78428399999757,0.4457235861167201,0.44562141053232734,25597.089134,30.338239999997313,25627.873418,27.799999237060547
core,69.066515224,1261.4591120000114,18.26458199061257,18.316507181518563,243201.590964,1243.125234999985,244463.050076,27.799999237060547
uncore,69.06672629,0.009032999999998736,0.0001307882019731915,0.0,28.771044,0.009032999999998736,28.780077,27.799999237060547
package-0,70.067039857,1380.1234199999963,19.69724420172237,19.724868103630808,63481.443138,1360.3795129999999,64861.566558,27.799999237060547
dram,70.067238887,31.230205999996542,0.4457202777212698,0.44549200087341373,25597.089134,30.78428399999757,25628.31934,27.799999237060547
core,70.067426204,1279.769490000006,18.264983987043625,18.292721444523824,243201.590964,1261.4591120000114,244481.360454,27.799999237060547
uncore,70.067557722,0.009032999999998736,0.00012891977941663634,0.0,28.771044,0.009032999999998736,28.780077,27.799999237060547
package-0,71.067866624,1399.858905000001,19.69755277679804,19.719155764307835,63481.443138,1380.1234199999963,64881.302043,27.799999237060547
dram,71.068042372,31.67630999999892,0.4457204835220117,0.44573489139616235,25597.089134,31.230205999996542,25628.765444,27.799999237060547
core,71.068249952,1298.0871310000075,18.265512102989394,18.302484895284522,243201.590964,1279.769490000006,244499.678095,27.799999237060547
uncore,71.068448704,0.009032999999998736,0.00012710423428909193,0.0,28.771044,0.009032999999998736,28.780077,27.799999237060547
package-0,72.068785583,1419.6446819999983,19.69853077191443,19.767972046878615,63481.443138,1399.858905000001,64901.08782,27.799999237060547
dram,72.068989305,32.12192700000014,0.4457134771013727,0.44521599528991107,25597.089134,31.67630999999892,25629.211061,27.799999237060547
core,72.069201304,1316.4375479999871,18.266461937538086,18.333903707911638,243201.590964,1298.0871310000075,244518.028512,27.799999237060547
uncore,72.069411173,0.009032999999998736,0.00012533898849393808,0.0,28.771044,0.009032999999998736,28.780077,27.799999237060547
package-0,73.069736752,1439.3907249999975,19.698922558290082,19.727130994057806,63481.443138,1419.6446819999983,64920.833863,27.799999237060547
dram,73.069954308,32.56797099999676,0.44571215269542225,0.4456167960865461,25597.089134,32.12192700000014,25629.657105,27.799999237060547
core,73.070166728,1334.7483530000027,18.26682914088691,18.293267610222966,243201.590964,1316.4375479999871,244536.339317,27.799999237060547
uncore,73.070379406,0.009032999999998736,0.00012362200504592645,0.0,28.771044,0.009032999999998736,28.780077,27.799999237060547
package-0,74.070703771,1459.176563000001,19.699838743881788,19.76671929306894,63481.443138,1439.3907249999975,64940.619701,27.799999237060547
dram,74.070918491,33.013952999997855,0.4457099756734852,0.44555105544589985,25597.089134,32.56797099999676,25630.103087,27.799999237060547
core,74.071130907,1353.099928999989,18.26773474955934,18.333843195172676,243201.590964,1334.7483530000027,244554.690893,27.799999237060547
uncore,74.071328515,0.009032999999998736,0.0001219514127938054,0.0,28.771044,0.009032999999998736,28.780077,27.799999237060547
package-0,75.071652664,1478.9340809999994,19.700358893961322,19.738850258710254,63481.443138,1459.176563000001,64960.377219,27.799999237060547
dram,75.071794479,33.46017999999822,0.4457112478000376,0.44580538579801965,25597.089134,33.013952999997855,25630.549314,27.799999237060547
core,75.071997324,1371.4208660000004,18.26821330440843,18.30362660140382,243201.590964,1353.099928999989,244573.01183,27.799999237060547
uncore,75.072203086,0.009032999999998736,0.00012032540474610092,0.0,28.771044,0.009032999999998736,28.780077,27.799999237060547
package-0,76.072526678,1498.6983120000004,19.70097132213977,19.746906880619395,63481.443138,1478.9340809999994,64980.14145,27.799999237060547
dram,76.073334451,33.90671199999997,0.44571689671727055,0.4461405972866284,25597.089134,33.46017999999822,25630.995846,27.799999237060547
core,76.073534541,1389.7620060000045,18.268961274979752,18.325063275392083,243201.590964,1371.4208660000004,244591.35297,27.799999237060547
uncore,76.073744595,0.009032999999998736,0.0001187422929137613,0.0,28.771044,0.009032999999998736,28.780077,27.799999237060547
package-0,76.602117516,1509.1263249999975,19.700892236868544,19.689532820056744,63481.443138,1498.6983120000004,64990.569463,27.799999237060547
dram,76.602294396,34.14358899999934,0.44572754203921156,0.44725658337839275,25597.089134,33.90671199999997,25631.232723,27.799999237060547
core,76.602466431,1399.4070619999839,18.26856192703056,18.211201564759616,243201.590964,1389.7620060000045,244600.998026,27.799999237060547
uncore,76.602638986,0.009032999999998736,0.00011792131422504274,0.0,28.771044,0.009032999999998736,28.780077,27.799999237060547
